 0.00000000e+00 3.79462415e-02 4.20819483e-02 3.91135509e-02 4.03369156e-02 4.28763553e-02 4.68404840e-02 4.74189683e-02 4.88510497e-02 4.59688284e-02 4.37404028e-02 4.08174083e-02 3.96150590e-02 3.84391379e-02 3.83294376e-02 3.92313985e-02 3.96595634e-02 4.04799930e-02 4.16024600e-02 4.24217930e-02 4.53053209e-02 4.64172183e-02 4.74559192e-02 4.66516222e-02 4.40625348e-02 4.17209456e-02 3.99736675e-02 4.00417266e-02 3.84190218e-02 3.89486013e-02 3.93994903e-02 4.15293562e-02 3.98360549e-02 4.18006333e-02 4.29247148e-02 4.71622563e-02 4.69020047e-02 4.88594093e-02 4.59375245e-02 4.34859954e-02 4.22770258e-02 3.97754186e-02 3.94565853e-02 3.86461586e-02 3.98562153e-02 3.89479078e-02 4.06810014e-02 4.08691044e-02 4.27206049e-02 4.44986974e-02 4.72887726e-02 4.80196115e-02 4.70804566e-02 4.47305162e-02 4.28555837e-02 4.07189889e-02 4.14928515e-02 3.91764954e-02 3.97363299e-02 3.94662032e-02 4.00354924e-02 4.00852461e-02 4.07161982e-02 4.12900997e-02 4.45483482e-02 4.72023680e-02 4.91061879e-02 4.87403910e-02 4.60818478e-02 4.32941603e-02 4.20537752e-02 4.11007509e-02 3.93095817e-02 3.97552055e-02 3.96876759e-02 4.04500826e-02 4.08786862e-02 4.18140445e-02 4.11367660e-02 4.41294587e-02 4.61904169e-02 4.87904404e-02 4.59230865e-02 4.63584296e-02 4.29879071e-02 4.25843125e-02 4.11533132e-02 4.04862163e-02 3.96480544e-02 4.12677848e-02 3.98114512e-02 4.02763859e-02 4.14408996e-02 4.16108210e-02 4.42022447e-02 4.53016204e-02 4.80331285e-02 4.89174961e-02 4.91068612e-02 4.54686464e-02 4.37922108e-02 4.07097813e-02 4.06608147e-02 3.84100631e-02 4.15216294e-02 3.97247376e-02 4.02960949e-02 4.07676686e-02 4.20543510e-02 4.22071317e-02 4.48696096e-02 4.69897941e-02 4.82994342e-02 4.74565374e-02 4.74737658e-02 4.37662028e-02 4.19418153e-02 4.16290145e-02 4.03776258e-02 4.09704937e-02 3.98792616e-02 4.10360145e-02 4.11751247e-02 4.19152591e-02 4.01945917e-02 4.28633525e-02 4.44515579e-02 4.85121251e-02 4.89623429e-02 4.94088071e-02 4.69824896e-02 4.57677734e-02 4.24649570e-02 4.24089473e-02 4.04080739e-02 4.01106803e-02 3.97668006e-02 4.06926989e-02 4.06757582e-02 4.16659029e-02 4.16226711e-02 4.21870571e-02 4.49184461e-02 4.72151820e-02 4.83953609e-02 4.78964356e-02 4.80327795e-02 4.54133059e-02 4.28940338e-02 4.26631516e-02 4.53966085e-02 4.38354383e-02 4.39630861e-02 4.45350806e-02 4.40161343e-02 4.24428209e-02 4.51882676e-02 4.36643408e-02 4.53184555e-02 4.60520162e-02 4.78635222e-02 4.92247002e-02 4.82494450e-02 4.49179899e-02 4.37471949e-02 4.18492009e-02 4.06904101e-02 4.13342990e-02 3.93132066e-02 4.14055090e-02 3.95439457e-02 4.15685738e-02 4.07360145e-02 4.30219418e-02 4.34047670e-02
 3.79462415e-02 0.00000000e+00 2.77837802e-02 3.30827681e-02 3.41448525e-02 3.67956291e-02 4.08758039e-02 4.25182205e-02 4.45200832e-02 4.15955977e-02 3.83849700e-02 3.37347716e-02 3.20960714e-02 3.17569398e-02 2.91433709e-02 2.78589865e-02 2.93057473e-02 3.31787573e-02 3.40566055e-02 3.61955441e-02 3.92475270e-02 4.16343502e-02 4.27673221e-02 4.25593280e-02 3.83641942e-02 3.52617309e-02 3.22202335e-02 3.05335971e-02 3.01880975e-02 2.63191137e-02 2.54156344e-02 2.97743214e-02 3.25366244e-02 3.37173597e-02 3.69734860e-02 4.11291013e-02 4.21363480e-02 4.32006723e-02 4.15455566e-02 3.72592007e-02 3.43441996e-02 3.14437373e-02 3.21264104e-02 2.96968150e-02 2.81633926e-02 2.88753003e-02 3.18468068e-02 3.39417829e-02 3.62157637e-02 3.85200656e-02 4.07921408e-02 4.39390552e-02 4.27998893e-02 3.97257106e-02 3.66895953e-02 3.41701156e-02 3.20917328e-02 3.11188997e-02 2.95760416e-02 2.57724250e-02 2.73539666e-02 3.21564456e-02 3.29274918e-02 3.55649987e-02 3.90735021e-02 4.11836854e-02 4.34137677e-02 4.42290808e-02 4.09579091e-02 3.78073095e-02 3.34209171e-02 3.22989946e-02 3.19566539e-02 3.06922906e-02 2.74339673e-02 2.88425265e-02 3.28806030e-02 3.52381094e-02 3.58970068e-02 3.84464425e-02 4.07540386e-02 4.35560291e-02 4.17074374e-02 4.06104819e-02 3.73692637e-02 3.49129214e-02 3.31310716e-02 3.20688405e-02 3.09319810e-02 2.81775268e-02 2.66067850e-02 3.02112743e-02 3.26790541e-02 3.44430146e-02 3.68313653e-02 3.94182319e-02 4.23559421e-02 4.40972925e-02 4.33048509e-02 4.11554180e-02 3.68177454e-02 3.36236423e-02 3.28491460e-02 3.21122161e-02 3.07793958e-02 2.73569288e-02 3.01347990e-02 3.40350759e-02 3.48639344e-02 3.59788376e-02 3.87241044e-02 4.12631692e-02 4.34040053e-02 4.32047037e-02 4.21574741e-02 3.76708075e-02 3.59020918e-02 3.35220093e-02 3.28665786e-02 3.18522021e-02 2.82394020e-02 2.59939423e-02 2.90663129e-02 3.29002130e-02 3.38698538e-02 3.51297209e-02 3.83195101e-02 4.31101034e-02 4.39018385e-02 4.37512185e-02 4.21559165e-02 3.98122466e-02 3.53958141e-02 3.46212550e-02 3.35129226e-02 3.16615821e-02 2.92970856e-02 2.83713990e-02 3.03216558e-02 3.39602591e-02 3.41437887e-02 3.63787034e-02 3.94550627e-02 4.18154701e-02 4.32768175e-02 4.39141521e-02 4.24899093e-02 3.81677003e-02 3.57160191e-02 3.48669797e-02 3.64028767e-02 3.66400731e-02 3.38139301e-02 3.17651800e-02 3.37932794e-02 3.37750428e-02 3.72184203e-02 3.68058412e-02 3.86865295e-02 4.19676113e-02 4.33274064e-02 4.30361087e-02 4.31627003e-02 4.08940739e-02 3.69696064e-02 3.36906929e-02 3.32195202e-02 3.33685118e-02 3.10849559e-02 2.85578084e-02 2.96736915e-02 3.25513346e-02 3.32194221e-02 3.52231066e-02 3.67365155e-02
 4.20819483e-02 2.77837802e-02 0.00000000e+00 2.33703245e-02 2.90738421e-02 3.30521516e-02 3.62873419e-02 3.90709754e-02 4.10463288e-02 3.67157329e-02 3.30831200e-02 2.96781325e-02 2.85778099e-02 2.92523057e-02 2.72608369e-02 2.34815489e-02 2.08141157e-02 2.35417218e-02 2.79670795e-02 3.11009217e-02 3.54637555e-02 3.81228225e-02 3.81861440e-02 3.78910617e-02 3.42385987e-02 3.09978230e-02 2.91024033e-02 2.91433869e-02 2.72210050e-02 2.62968099e-02 2.22101375e-02 1.92359354e-02 2.57408024e-02 2.82151171e-02 3.28897369e-02 3.74275148e-02 3.94061915e-02 3.99140804e-02 3.69545631e-02 3.22679664e-02 2.94913197e-02 2.84118472e-02 2.91904398e-02 2.79852236e-02 2.30458398e-02 2.13974801e-02 2.38661574e-02 2.63335834e-02 3.12249246e-02 3.53574812e-02 3.73343044e-02 3.95839656e-02 3.91896283e-02 3.48185700e-02 3.17419201e-02 2.92270620e-02 2.90020432e-02 2.82491134e-02 2.71547860e-02 2.42014859e-02 1.78746001e-02 2.16148838e-02 2.68658757e-02 3.00767924e-02 3.42228720e-02 3.72941930e-02 3.97614251e-02 4.03019075e-02 3.66531237e-02 3.25810353e-02 2.94603220e-02 2.94177853e-02 2.93002168e-02 2.72451333e-02 2.38435511e-02 2.04301762e-02 2.44099241e-02 2.75682330e-02 3.10647247e-02 3.38097706e-02 3.73518131e-02 3.93538398e-02 3.80300183e-02 3.65619513e-02 3.27499300e-02 2.99143202e-02 2.96551358e-02 2.91925456e-02 2.76723629e-02 2.61603980e-02 2.23541780e-02 1.97728149e-02 2.49326884e-02 2.92513665e-02 3.21325124e-02 3.61651033e-02 3.92067123e-02 4.02105192e-02 3.86756821e-02 3.58451684e-02 3.15053025e-02 2.92046031e-02 2.94629617e-02 2.97089343e-02 2.73467302e-02 2.22694590e-02 2.12278995e-02 2.41333303e-02 2.76481695e-02 3.09273587e-02 3.46179997e-02 3.77998814e-02 3.92588924e-02 3.92643130e-02 3.74811282e-02 3.31934916e-02 3.01239177e-02 3.01284469e-02 2.91463110e-02 2.84537601e-02 2.74789649e-02 2.24980622e-02 1.93066662e-02 2.39207691e-02 2.79159464e-02 3.05216985e-02 3.43603451e-02 3.88050859e-02 4.00919488e-02 3.93917713e-02 3.79252008e-02 3.36750283e-02 3.06546237e-02 3.01819573e-02 3.01361434e-02 2.89228054e-02 2.67309915e-02 2.24733753e-02 2.20167516e-02 2.49846894e-02 2.79101405e-02 3.17610748e-02 3.49618798e-02 3.76930774e-02 3.87637213e-02 3.95810832e-02 3.76012684e-02 3.36345682e-02 3.13764119e-02 3.17865037e-02 3.35091149e-02 3.46534819e-02 3.37869259e-02 2.89322552e-02 2.86778359e-02 2.62948795e-02 2.91167373e-02 3.24063894e-02 3.41609832e-02 3.83629561e-02 3.96765272e-02 3.97324388e-02 3.82427855e-02 3.55178289e-02 3.14459292e-02 2.90255253e-02 2.98986241e-02 3.00436242e-02 2.77118149e-02 2.43270426e-02 2.18798771e-02 2.29035263e-02 2.63230946e-02 2.83882348e-02 3.18191284e-02
 3.91135509e-02 3.30827681e-02 2.33703245e-02 0.00000000e+00 2.24859500e-02 2.79485904e-02 3.24845988e-02 3.55055414e-02 3.76963389e-02 3.50544373e-02 3.15179676e-02 2.84457885e-02 2.88134491e-02 2.87675765e-02 2.88334187e-02 2.72121931e-02 2.23296240e-02 1.92133105e-02 2.22334830e-02 2.80084774e-02 3.21910968e-02 3.38737996e-02 3.51794763e-02 3.52296505e-02 3.28140685e-02 3.03182922e-02 2.97573465e-02 2.94925513e-02 2.76331242e-02 2.84783157e-02 2.65290646e-02 2.02344162e-02 1.63708977e-02 2.34238258e-02 2.88200910e-02 3.32302147e-02 3.61735881e-02 3.75458544e-02 3.51157725e-02 3.01785780e-02 2.91197280e-02 2.79994476e-02 2.90676908e-02 2.86577417e-02 2.71839415e-02 2.19441241e-02 1.98286016e-02 2.08031273e-02 2.70696943e-02 3.13400873e-02 3.39247793e-02 3.61278703e-02 3.64757731e-02 3.29994852e-02 3.14935048e-02 2.92419401e-02 2.96730480e-02 2.87774657e-02 2.85036017e-02 2.78941347e-02 2.43588373e-02 1.67234470e-02 1.88085898e-02 2.51220169e-02 3.00385396e-02 3.36193762e-02 3.70294672e-02 3.82341753e-02 3.49393352e-02 3.09472283e-02 2.90611375e-02 2.96635516e-02 2.85307424e-02 2.91368667e-02 2.75676755e-02 2.35266633e-02 1.98738540e-02 2.20827093e-02 2.69620625e-02 3.06760666e-02 3.33290908e-02 3.59662026e-02 3.51082392e-02 3.47902843e-02 3.18123807e-02 3.03618066e-02 3.01871720e-02 3.02433040e-02 2.88087617e-02 2.92753485e-02 2.67901760e-02 2.12014482e-02 1.80007731e-02 2.31830820e-02 2.83192529e-02 3.13895740e-02 3.58508064e-02 3.77533082e-02 3.78076914e-02 3.36921718e-02 3.01228974e-02 2.89016569e-02 2.99897739e-02 2.97197795e-02 3.01087021e-02 2.59374476e-02 2.23478441e-02 2.04535952e-02 2.31609752e-02 2.73193508e-02 3.17183202e-02 3.42735498e-02 3.59076041e-02 3.65544230e-02 3.56007014e-02 3.30629002e-02 3.01368388e-02 3.05315839e-02 2.96925180e-02 3.00845330e-02 2.92835873e-02 2.90447558e-02 2.34354732e-02 1.74261758e-02 2.00267008e-02 2.68176442e-02 3.02283025e-02 3.49359096e-02 3.71556430e-02 3.77953474e-02 3.63427271e-02 3.26778285e-02 3.00091469e-02 3.06472093e-02 2.98167087e-02 3.02213229e-02 2.97202182e-02 2.68211170e-02 2.27391978e-02 1.97210504e-02 2.36603688e-02 2.88188468e-02 3.15949567e-02 3.41401196e-02 3.57550877e-02 3.67952747e-02 3.65462305e-02 3.32035072e-02 3.14594767e-02 3.24428407e-02 3.52918160e-02 3.54196064e-02 3.56479183e-02 3.16028265e-02 3.11975752e-02 2.35786249e-02 2.44132053e-02 2.84950230e-02 3.07993759e-02 3.40406716e-02 3.67073608e-02 3.76072622e-02 3.67492152e-02 3.41290826e-02 2.99520008e-02 2.97876287e-02 2.96197661e-02 3.04673022e-02 2.92517326e-02 2.88236134e-02 2.46176001e-02 2.18318078e-02 2.04101074e-02 2.54673807e-02 2.81465547e-02
 4.03369156e-02 3.41448525e-02 2.90738421e-02 2.24859500e-02 0.00000000e+00 1.94624840e-02 2.56945552e-02 3.00628076e-02 3.34665340e-02 3.16078657e-02 2.95626707e-02 2.92833487e-02 2.93672435e-02 3.10186984e-02 3.09954192e-02 3.04206169e-02 2.85184980e-02 2.45991492e-02 1.91032706e-02 2.14619994e-02 2.53859155e-02 2.90961139e-02 3.15788719e-02 3.24483379e-02 2.94588676e-02 2.92987546e-02 3.07182404e-02 3.06472245e-02 3.07452135e-02 3.18873154e-02 3.09930452e-02 2.66124027e-02 2.09380997e-02 1.65257095e-02 2.24781823e-02 2.84707435e-02 3.17777268e-02 3.35612869e-02 3.22647623e-02 2.96132563e-02 3.03908429e-02 2.96220300e-02 3.09115895e-02 3.10580980e-02 3.14566492e-02 2.87928673e-02 2.38466759e-02 1.94107077e-02 2.11267454e-02 2.47757297e-02 2.87602586e-02 3.20595598e-02 3.18265038e-02 2.98209878e-02 2.95673173e-02 3.07245615e-02 3.08665569e-02 3.03279828e-02 3.10184581e-02 3.06553377e-02 2.89664387e-02 2.47485543e-02 1.83761725e-02 1.88853607e-02 2.30952538e-02 2.77515129e-02 3.29429322e-02 3.43568483e-02 3.22517552e-02 3.04083984e-02 3.07649433e-02 3.05847543e-02 3.10358087e-02 3.20192400e-02 3.19006901e-02 2.87695838e-02 2.59068174e-02 2.11449889e-02 2.11311976e-02 2.35189820e-02 2.85652597e-02 3.19161603e-02 3.20532841e-02 3.18772661e-02 2.99413487e-02 3.10883265e-02 3.04788402e-02 3.16783598e-02 3.14299756e-02 3.29974671e-02 3.13300408e-02 2.75398563e-02 2.22381114e-02 1.82093233e-02 2.22004275e-02 2.66831795e-02 3.08961739e-02 3.43381651e-02 3.37458548e-02 3.19392350e-02 3.05114894e-02 3.01910592e-02 3.04640769e-02 3.16980672e-02 3.25545677e-02 3.15203611e-02 2.80084442e-02 2.49771954e-02 2.04644072e-02 2.11560198e-02 2.49347615e-02 2.86735973e-02 3.15845932e-02 3.29256390e-02 3.18934924e-02 3.08360959e-02 3.03098737e-02 3.07465312e-02 3.12723451e-02 3.21315993e-02 3.24364812e-02 3.24966529e-02 2.86981758e-02 2.33196362e-02 1.75302208e-02 1.92184967e-02 2.40127344e-02 2.93580606e-02 3.31585396e-02 3.38388209e-02 3.39965648e-02 3.15168151e-02 3.08490659e-02 3.16164099e-02 3.19253222e-02 3.29591849e-02 3.22721225e-02 3.14524446e-02 2.85879928e-02 2.45063061e-02 2.02113192e-02 2.21889923e-02 2.53758057e-02 2.92298025e-02 3.16703911e-02 3.27113153e-02 3.24408023e-02 3.14045546e-02 3.07887144e-02 3.26152069e-02 3.50205847e-02 3.73255594e-02 3.66667667e-02 3.62952465e-02 3.66912580e-02 2.89352489e-02 2.50298668e-02 2.13355378e-02 2.52155849e-02 2.80513582e-02 3.19794081e-02 3.38114097e-02 3.35725660e-02 3.25603178e-02 3.06637220e-02 3.03137453e-02 3.11665114e-02 3.22155069e-02 3.22627271e-02 3.20552599e-02 3.03814789e-02 2.69962050e-02 2.23757915e-02 1.94826923e-02 2.33238295e-02
 4.28763553e-02 3.67956291e-02 3.30521516e-02 2.79485904e-02 1.94624840e-02 0.00000000e+00 1.94532937e-02 2.40444217e-02 2.83080686e-02 2.77801595e-02 2.78405260e-02 2.94142549e-02 3.05093831e-02 3.24260851e-02 3.31443377e-02 3.37685480e-02 3.19222150e-02 2.89159777e-02 2.23945147e-02 1.82124176e-02 1.92952537e-02 2.35953871e-02 2.69570013e-02 2.88093760e-02 2.66234248e-02 2.90289906e-02 3.05979374e-02 3.22962406e-02 3.24198515e-02 3.33162756e-02 3.35212730e-02 3.12050677e-02 2.57214010e-02 1.82854012e-02 1.56063016e-02 2.18496330e-02 2.59181395e-02 2.89228859e-02 2.87179174e-02 2.74677267e-02 2.96319640e-02 3.02699464e-02 3.25501615e-02 3.31830660e-02 3.43500839e-02 3.27682254e-02 2.89617117e-02 2.27745182e-02 1.85862984e-02 1.80181239e-02 2.27533858e-02 2.65769612e-02 2.84222698e-02 2.70355929e-02 2.89392078e-02 2.98881554e-02 3.19883917e-02 3.18360425e-02 3.31327582e-02 3.32407095e-02 3.32751833e-02 3.02200593e-02 2.31602111e-02 1.70893298e-02 1.72575897e-02 2.15197694e-02 2.73628520e-02 3.04360898e-02 2.84774163e-02 2.87380830e-02 3.05715503e-02 3.09325230e-02 3.23502822e-02 3.43389652e-02 3.46883775e-02 3.29819675e-02 2.97885041e-02 2.40972187e-02 1.92094563e-02 1.86854543e-02 2.24287168e-02 2.69153357e-02 2.75230429e-02 2.91849992e-02 2.80158587e-02 3.07470462e-02 3.10473903e-02 3.32936098e-02 3.24145076e-02 3.41239517e-02 3.41846270e-02 3.16813439e-02 2.71921975e-02 1.98970150e-02 1.67773268e-02 2.01866734e-02 2.52357073e-02 2.92695259e-02 2.98217530e-02 2.92798817e-02 3.03531394e-02 2.97619784e-02 3.22658737e-02 3.31621909e-02 3.51063423e-02 3.37612658e-02 3.28481820e-02 2.95539267e-02 2.35077920e-02 1.91517933e-02 1.94665513e-02 2.24159231e-02 2.67908887e-02 2.85159505e-02 2.87696485e-02 2.82699099e-02 3.01749824e-02 3.16308856e-02 3.21880732e-02 3.36615701e-02 3.46102234e-02 3.47322762e-02 3.26447353e-02 2.92521943e-02 2.23236169e-02 1.75867925e-02 1.70892753e-02 2.25941905e-02 2.74759990e-02 2.97223335e-02 2.98179894e-02 2.92363657e-02 3.01022672e-02 3.12381059e-02 3.26123511e-02 3.39138919e-02 3.43553708e-02 3.46507135e-02 3.30639143e-02 2.85318849e-02 2.32825227e-02 1.91826737e-02 2.01096368e-02 2.26758276e-02 2.67598083e-02 2.85740617e-02 2.98661157e-02 2.87946463e-02 2.99975991e-02 3.26311661e-02 3.66682527e-02 3.87987009e-02 3.78322934e-02 3.77949777e-02 3.94330912e-02 3.34680229e-02 2.88910849e-02 2.29339441e-02 2.06771629e-02 2.19815695e-02 2.68994997e-02 2.95742938e-02 2.99754379e-02 2.95509641e-02 2.92382771e-02 3.04691517e-02 3.18265038e-02 3.30398773e-02 3.39518658e-02 3.48446410e-02 3.40213357e-02 3.20807169e-02 2.70899522e-02 2.19067422e-02 1.88373383e-02
 4.68404840e-02 4.08758039e-02 3.62873419e-02 3.24845988e-02 2.56945552e-02 1.94532937e-02 0.00000000e+00 1.83828109e-02 2.30804488e-02 2.44922019e-02 2.65141923e-02 3.14513193e-02 3.35289685e-02 3.51478641e-02 3.59534984e-02 3.75274559e-02 3.57426863e-02 3.27059193e-02 2.78756807e-02 2.31988854e-02 1.83484274e-02 1.93847797e-02 2.24106249e-02 2.47930913e-02 2.52769359e-02 2.97444798e-02 3.26554611e-02 3.50002068e-02 3.57688909e-02 3.73926722e-02 3.82871943e-02 3.54803760e-02 3.13524477e-02 2.40963297e-02 1.88851880e-02 1.61157381e-02 2.13213237e-02 2.46849658e-02 2.53413361e-02 2.63542659e-02 3.12023515e-02 3.35397308e-02 3.48967913e-02 3.65118733e-02 3.77679964e-02 3.65689051e-02 3.30699419e-02 2.83206342e-02 2.36168704e-02 1.91846643e-02 1.78366525e-02 2.23584482e-02 2.43920798e-02 2.51275960e-02 2.88233387e-02 3.19973292e-02 3.47422503e-02 3.52019465e-02 3.61888274e-02 3.68393806e-02 3.68170497e-02 3.41487666e-02 2.89237070e-02 2.36732768e-02 1.75342316e-02 1.53442258e-02 2.15578007e-02 2.52689941e-02 2.59003813e-02 2.80944553e-02 3.26463473e-02 3.45099980e-02 3.50397147e-02 3.69930790e-02 3.85502414e-02 3.64588528e-02 3.38068780e-02 2.82804013e-02 2.42988671e-02 1.95779509e-02 1.92316014e-02 2.23034771e-02 2.42269492e-02 2.60139997e-02 2.87225710e-02 3.11950674e-02 3.33554604e-02 3.63091009e-02 3.57472461e-02 3.74257231e-02 3.79708886e-02 3.59518275e-02 3.09620318e-02 2.63422826e-02 1.97616481e-02 1.72663305e-02 1.97852464e-02 2.49683936e-02 2.64896091e-02 2.77456222e-02 3.01513607e-02 3.23278179e-02 3.50939770e-02 3.61088912e-02 3.76337153e-02 3.73505289e-02 3.57360669e-02 3.30300236e-02 2.89634483e-02 2.44487930e-02 2.02858348e-02 1.83944351e-02 2.17261996e-02 2.35743979e-02 2.62887865e-02 2.77273885e-02 3.15203463e-02 3.39239144e-02 3.52792914e-02 3.61600682e-02 3.81402012e-02 3.82452209e-02 3.70352141e-02 3.29844948e-02 2.83512518e-02 2.35512150e-02 1.85375767e-02 1.62204945e-02 2.21928326e-02 2.46114703e-02 2.72712724e-02 2.79643985e-02 3.12997928e-02 3.39122029e-02 3.53611294e-02 3.66105743e-02 3.74452908e-02 3.81676759e-02 3.60160696e-02 3.23281924e-02 2.79103407e-02 2.41509609e-02 1.94190309e-02 1.92546643e-02 2.22827757e-02 2.50686103e-02 2.66904039e-02 2.88876191e-02 3.09023983e-02 3.47008873e-02 3.88125976e-02 4.16431408e-02 4.13217012e-02 4.07271767e-02 4.29309742e-02 3.67051532e-02 3.26445356e-02 2.80711068e-02 2.16338780e-02 1.84274440e-02 2.20924500e-02 2.51119864e-02 2.59670912e-02 2.78112885e-02 3.03260480e-02 3.27267154e-02 3.58499750e-02 3.56563695e-02 3.66230252e-02 3.87210136e-02 3.82509068e-02 3.52026476e-02 3.22273726e-02 2.71356233e-02 2.40003775e-02
 4.74189683e-02 4.25182205e-02 3.90709754e-02 3.55055414e-02 3.00628076e-02 2.40444217e-02 1.83828109e-02 0.00000000e+00 1.75200168e-02 2.17316432e-02 2.57326237e-02 3.10448103e-02 3.39741199e-02 3.64147464e-02 3.76355095e-02 3.91648207e-02 3.79729858e-02 3.52100550e-02 3.21205101e-02 2.70896256e-02 2.15377232e-02 1.74326684e-02 1.81423748e-02 2.19318546e-02 2.46277753e-02 2.94408409e-02 3.25659953e-02 3.57499296e-02 3.72306428e-02 3.87252348e-02 3.92904327e-02 3.75544117e-02 3.42737536e-02 2.87134090e-02 2.26541920e-02 1.78740269e-02 1.57633050e-02 2.01182727e-02 2.26741230e-02 2.62236586e-02 3.14969352e-02 3.47179401e-02 3.66333362e-02 3.78711340e-02 3.95667267e-02 3.86998046e-02 3.60011581e-02 3.16798299e-02 2.80723344e-02 2.30870658e-02 1.76787538e-02 1.74357135e-02 2.11150155e-02 2.35299885e-02 2.78975402e-02 3.09077024e-02 3.51073239e-02 3.63183855e-02 3.86280311e-02 3.83650561e-02 3.91031317e-02 3.62638492e-02 3.23609617e-02 2.82112712e-02 2.27038020e-02 1.56102400e-02 1.50641539e-02 2.06873853e-02 2.39971175e-02 2.79200165e-02 3.25087025e-02 3.57401455e-02 3.61673953e-02 3.86061919e-02 4.00156201e-02 3.82455131e-02 3.59419558e-02 3.26266275e-02 2.82051629e-02 2.42230660e-02 1.91074874e-02 1.91797117e-02 1.94229634e-02 2.49333794e-02 2.74848788e-02 3.10985858e-02 3.38464029e-02 3.70178198e-02 3.68421868e-02 3.94269733e-02 3.92167359e-02 3.81291862e-02 3.44314525e-02 2.98112886e-02 2.53803198e-02 1.89033037e-02 1.59687937e-02 1.90386340e-02 2.38572580e-02 2.62063918e-02 3.06961443e-02 3.28703332e-02 3.69945140e-02 3.73502671e-02 4.02322745e-02 3.91544508e-02 3.83365567e-02 3.60796552e-02 3.29153974e-02 2.84124209e-02 2.44741892e-02 1.92153464e-02 1.78225482e-02 1.99653806e-02 2.37614575e-02 2.69249020e-02 3.05864748e-02 3.38226605e-02 3.60636208e-02 3.83069542e-02 3.95222946e-02 4.01546121e-02 3.85699510e-02 3.65627537e-02 3.19490607e-02 2.80026575e-02 2.25570601e-02 1.75532640e-02 1.59770737e-02 2.07364457e-02 2.49397663e-02 2.75254962e-02 3.13785342e-02 3.44393909e-02 3.67636459e-02 3.84394892e-02 3.91471950e-02 3.97075012e-02 3.85450104e-02 3.54931315e-02 3.21625854e-02 2.78129461e-02 2.38187338e-02 1.95489575e-02 1.95290563e-02 2.08802146e-02 2.47883200e-02 2.79330567e-02 3.08571108e-02 3.47479198e-02 4.01804429e-02 4.16178487e-02 4.34886618e-02 4.20195104e-02 4.39600247e-02 3.86937994e-02 3.51652298e-02 3.18893161e-02 2.56733050e-02 1.99165953e-02 1.83515743e-02 2.07330993e-02 2.36643836e-02 2.69732352e-02 2.95914997e-02 3.32896791e-02 3.60368680e-02 3.75554781e-02 3.79419213e-02 4.05415856e-02 3.98928052e-02 3.83920545e-02 3.51730423e-02 3.12419518e-02 2.80561224e-02
 4.88510497e-02 4.45200832e-02 4.10463288e-02 3.76963389e-02 3.34665340e-02 2.83080686e-02 2.30804488e-02 1.75200168e-02 0.00000000e+00 1.89791026e-02 2.44142354e-02 3.11126587e-02 3.46845646e-02 3.75848176e-02 3.93639916e-02 4.12372939e-02 3.92910728e-02 3.74165390e-02 3.31378318e-02 2.96780069e-02 2.53906296e-02 2.02928583e-02 1.79377716e-02 1.85961427e-02 2.31197802e-02 2.85667106e-02 3.34694839e-02 3.69635470e-02 3.84069713e-02 4.01160670e-02 4.19348863e-02 3.95741880e-02 3.66221987e-02 3.12666710e-02 2.75055590e-02 2.25259887e-02 1.74428433e-02 1.59793762e-02 2.00567681e-02 2.54801958e-02 3.17158241e-02 3.54535509e-02 3.80742227e-02 3.93087524e-02 4.10473158e-02 4.05030869e-02 3.80744550e-02 3.40063850e-02 3.03567140e-02 2.66823417e-02 2.15884105e-02 1.92096988e-02 1.77965045e-02 2.15171292e-02 2.68798085e-02 3.18932004e-02 3.52435538e-02 3.80248626e-02 3.98185158e-02 4.11606340e-02 4.10840125e-02 3.91008451e-02 3.50498671e-02 3.13901081e-02 2.68504961e-02 2.15241186e-02 1.67021309e-02 1.55345808e-02 2.16430892e-02 2.66128402e-02 3.25715861e-02 3.60033959e-02 3.79952501e-02 3.94528673e-02 4.22096914e-02 3.97346423e-02 3.84746911e-02 3.41142200e-02 3.08305076e-02 2.68993439e-02 2.31627847e-02 1.98930591e-02 1.73990838e-02 2.14538827e-02 2.63989341e-02 3.12012322e-02 3.46189817e-02 3.79196257e-02 3.84342916e-02 4.15887566e-02 4.14841075e-02 4.02184863e-02 3.65923165e-02 3.28153315e-02 2.92516690e-02 2.39884415e-02 1.79872895e-02 1.59905632e-02 1.97547186e-02 2.51065522e-02 2.93649441e-02 3.33367049e-02 3.75494140e-02 3.89700454e-02 4.12861746e-02 4.06488904e-02 3.96612072e-02 3.84978750e-02 3.40376207e-02 3.10437303e-02 2.72342945e-02 2.31156507e-02 1.95501486e-02 1.76814931e-02 2.02057195e-02 2.54504242e-02 3.05249024e-02 3.37782139e-02 3.75001704e-02 3.95230251e-02 4.16355805e-02 4.25261386e-02 4.12268014e-02 3.85274396e-02 3.47453867e-02 3.09321316e-02 2.68794620e-02 2.13577679e-02 1.74332561e-02 1.53062724e-02 2.18760457e-02 2.60782405e-02 3.11873336e-02 3.43220091e-02 3.78513434e-02 3.93919131e-02 4.09228519e-02 4.15478992e-02 3.96719260e-02 3.76637110e-02 3.41446480e-02 3.04117674e-02 2.63043174e-02 2.27995122e-02 1.93385033e-02 1.99210608e-02 2.15502171e-02 2.66719551e-02 2.98891838e-02 3.54934070e-02 4.08303214e-02 4.26966927e-02 4.52932210e-02 4.39603107e-02 4.57600397e-02 4.08532970e-02 3.77542827e-02 3.45200903e-02 2.95018502e-02 2.43979403e-02 2.08629450e-02 1.67970505e-02 2.05695659e-02 2.51973685e-02 2.91641047e-02 3.30559415e-02 3.70073390e-02 3.85511474e-02 3.99983577e-02 4.21223097e-02 4.23006468e-02 3.98891396e-02 3.75666241e-02 3.35433546e-02 3.10129027e-02
 4.59688284e-02 4.15955977e-02 3.67157329e-02 3.50544373e-02 3.16078657e-02 2.77801595e-02 2.44922019e-02 2.17316432e-02 1.89791026e-02 0.00000000e+00 1.84017502e-02 2.56643609e-02 3.04887700e-02 3.30318001e-02 3.51401521e-02 3.70647643e-02 3.53326058e-02 3.36011284e-02 3.15365052e-02 2.82000936e-02 2.62478166e-02 2.31214923e-02 2.09743438e-02 1.79853735e-02 1.75781051e-02 2.34428641e-02 2.88008722e-02 3.32579649e-02 3.43492298e-02 3.66602761e-02 3.79428419e-02 3.62223853e-02 3.42309403e-02 2.98539042e-02 2.63741199e-02 2.50431847e-02 2.14053353e-02 1.83276291e-02 1.44343517e-02 2.06490815e-02 2.63337249e-02 3.14581888e-02 3.33255975e-02 3.52997983e-02 3.65959179e-02 3.64197336e-02 3.37729883e-02 3.08379383e-02 2.94260791e-02 2.63358646e-02 2.35735287e-02 2.25454133e-02 1.97886355e-02 1.61743206e-02 2.18228897e-02 2.67243358e-02 3.17201260e-02 3.37331151e-02 3.57281951e-02 3.71662698e-02 3.69740653e-02 3.54195539e-02 3.33496659e-02 2.94133842e-02 2.66182468e-02 2.30346221e-02 2.21819604e-02 1.76447666e-02 1.46667397e-02 2.05342856e-02 2.73550562e-02 3.15819244e-02 3.33601232e-02 3.49999141e-02 3.78166943e-02 3.51766036e-02 3.50079098e-02 3.21614125e-02 2.87052499e-02 2.66736661e-02 2.38186360e-02 2.34771457e-02 1.95907200e-02 1.80562575e-02 2.01804206e-02 2.60174365e-02 3.06797401e-02 3.43193632e-02 3.45752220e-02 3.78441085e-02 3.78591920e-02 3.56633431e-02 3.40347338e-02 3.14034573e-02 2.79154293e-02 2.47716506e-02 2.17351573e-02 1.93518155e-02 1.63711253e-02 1.80190284e-02 2.44170201e-02 2.78009048e-02 3.33093279e-02 3.45696589e-02 3.70037651e-02 3.64808030e-02 3.55256687e-02 3.42767835e-02 3.16324461e-02 2.89104693e-02 2.73478201e-02 2.40971028e-02 2.23372349e-02 1.92763951e-02 1.72243396e-02 1.95475997e-02 2.56138125e-02 2.96706311e-02 3.31606322e-02 3.59171351e-02 3.75709998e-02 3.87458049e-02 3.68488728e-02 3.56774951e-02 3.22137866e-02 2.90354228e-02 2.62785101e-02 2.48184167e-02 2.14294924e-02 1.90868331e-02 1.46773726e-02 2.05367348e-02 2.56204296e-02 2.98743318e-02 3.31811994e-02 3.49421474e-02 3.65676571e-02 3.72052675e-02 3.57911081e-02 3.37833421e-02 3.20588771e-02 2.91780254e-02 2.67561187e-02 2.38281557e-02 2.24359412e-02 2.01960603e-02 1.87233729e-02 2.02290300e-02 2.58159173e-02 3.09799551e-02 3.70565213e-02 3.89601138e-02 4.22952190e-02 4.11263158e-02 4.26359961e-02 3.73127190e-02 3.57781335e-02 3.25331462e-02 2.90416131e-02 2.45774445e-02 2.31607942e-02 2.05797739e-02 1.67810458e-02 1.93450281e-02 2.42957047e-02 2.82546354e-02 3.25981256e-02 3.46808587e-02 3.52678846e-02 3.80842508e-02 3.72968651e-02 3.58489748e-02 3.32146835e-02 3.15657150e-02 2.91044994e-02
 4.37404028e-02 3.83849700e-02 3.30831200e-02 3.15179676e-02 2.95626707e-02 2.78405260e-02 2.65141923e-02 2.57326237e-02 2.44142354e-02 1.84017502e-02 0.00000000e+00 1.94419913e-02 2.49254777e-02 2.85696121e-02 3.08213829e-02 3.30653368e-02 3.11033623e-02 3.02404398e-02 2.91683359e-02 2.78882241e-02 2.74119080e-02 2.60222868e-02 2.47843369e-02 2.20907425e-02 1.78332058e-02 1.71361635e-02 2.35113575e-02 2.84685843e-02 3.04070201e-02 3.28309382e-02 3.41762479e-02 3.23433430e-02 3.09914975e-02 2.75064564e-02 2.69460293e-02 2.66018313e-02 2.60709358e-02 2.44821035e-02 1.82753641e-02 1.50025715e-02 2.10789911e-02 2.65602222e-02 2.94969406e-02 3.12185259e-02 3.30137212e-02 3.21443508e-02 3.03244356e-02 2.86751564e-02 2.83188911e-02 2.74616225e-02 2.60842577e-02 2.59958950e-02 2.42424563e-02 1.84425754e-02 1.65204390e-02 2.16108545e-02 2.64949881e-02 2.97152193e-02 3.19825389e-02 3.35623137e-02 3.30020394e-02 3.21049498e-02 3.03165411e-02 2.84987816e-02 2.75990273e-02 2.57920408e-02 2.63284722e-02 2.42976980e-02 1.78216337e-02 1.36240451e-02 2.12225899e-02 2.68567218e-02 2.91904558e-02 3.11177773e-02 3.42739031e-02 3.12954034e-02 3.17042957e-02 3.03613158e-02 2.82923372e-02 2.73024358e-02 2.63936767e-02 2.67533338e-02 2.37201274e-02 2.06681296e-02 1.81618468e-02 1.98897815e-02 2.57118578e-02 2.95906026e-02 3.08824848e-02 3.41979066e-02 3.43940352e-02 3.25473858e-02 3.09938566e-02 2.91664359e-02 2.77870652e-02 2.64968512e-02 2.57988107e-02 2.61179786e-02 2.11270760e-02 1.62235662e-02 1.82079423e-02 2.37311388e-02 2.83630266e-02 3.08252356e-02 3.27658947e-02 3.27680123e-02 3.17017692e-02 3.12178695e-02 2.97699574e-02 2.79953392e-02 2.77888248e-02 2.67548481e-02 2.65729483e-02 2.42251422e-02 2.13109028e-02 1.72407701e-02 1.98717684e-02 2.44573819e-02 2.91877436e-02 3.17655172e-02 3.42852737e-02 3.50173798e-02 3.38637072e-02 3.21720679e-02 2.98053676e-02 2.76292142e-02 2.73251118e-02 2.69760492e-02 2.60489021e-02 2.41335811e-02 2.03798758e-02 1.50017023e-02 1.99470855e-02 2.53286898e-02 2.88672192e-02 3.07022576e-02 3.25462412e-02 3.33779028e-02 3.21066904e-02 3.06826392e-02 2.97961165e-02 2.83458472e-02 2.74738294e-02 2.73462875e-02 2.58988170e-02 2.54301970e-02 2.19864204e-02 1.98387213e-02 1.93086681e-02 2.62026598e-02 3.28726141e-02 3.55806820e-02 3.92222692e-02 3.74992762e-02 3.88227829e-02 3.49497965e-02 3.30317296e-02 3.08586653e-02 2.88010985e-02 2.71615420e-02 2.68975780e-02 2.64043139e-02 2.17782872e-02 1.69228093e-02 1.87449743e-02 2.29588254e-02 2.81181654e-02 2.99470718e-02 3.15822045e-02 3.35758533e-02 3.40891204e-02 3.14040801e-02 3.06634790e-02 2.92836191e-02 2.85606945e-02
 4.08174083e-02 3.37347716e-02 2.96781325e-02 2.84457885e-02 2.92833487e-02 2.94142549e-02 3.14513193e-02 3.10448103e-02 3.11126587e-02 2.56643609e-02 1.94419913e-02 0.00000000e+00 1.77635815e-02 2.21511196e-02 2.51192548e-02 2.71890290e-02 2.54296842e-02 2.69836439e-02 2.79752541e-02 2.85887747e-02 3.07733735e-02 2.97956008e-02 2.98682206e-02 2.81780391e-02 2.30697324e-02 1.72593706e-02 1.65603061e-02 2.21060208e-02 2.40677294e-02 2.68258913e-02 2.80192661e-02 2.77103697e-02 2.76101109e-02 2.73527068e-02 2.80913555e-02 3.13289855e-02 3.08073885e-02 3.06506584e-02 2.49010466e-02 1.90059516e-02 1.43619340e-02 1.91324039e-02 2.34873391e-02 2.53155589e-02 2.63955292e-02 2.66281647e-02 2.63686280e-02 2.64051957e-02 2.81772789e-02 2.96920631e-02 3.04840499e-02 3.06709957e-02 3.02909082e-02 2.39194257e-02 2.02095450e-02 1.56723169e-02 2.04273951e-02 2.34832742e-02 2.68099330e-02 2.78799237e-02 2.76394601e-02 2.77670474e-02 2.80847568e-02 2.82961886e-02 3.00244130e-02 3.05962175e-02 3.20594582e-02 3.07427444e-02 2.51478629e-02 1.84352007e-02 1.33067001e-02 2.04556670e-02 2.30047423e-02 2.56260637e-02 2.75444046e-02 2.60893275e-02 2.76320288e-02 2.87162958e-02 2.79157963e-02 3.05002387e-02 3.01858607e-02 3.17841742e-02 2.86736623e-02 2.58804158e-02 2.03800358e-02 1.67860680e-02 1.89876395e-02 2.27754997e-02 2.51428625e-02 2.84979972e-02 2.82327884e-02 2.84248093e-02 2.82852751e-02 2.83037417e-02 2.88534068e-02 2.96652157e-02 3.12169595e-02 3.12783755e-02 2.92024184e-02 2.19325977e-02 1.58841439e-02 1.61823803e-02 2.24315197e-02 2.46794942e-02 2.75362036e-02 2.61229171e-02 2.70154666e-02 2.73259639e-02 2.80509100e-02 2.76268207e-02 3.03030666e-02 3.07271987e-02 3.14324647e-02 2.92129415e-02 2.76381627e-02 2.18913674e-02 1.70874495e-02 1.80395113e-02 2.21181305e-02 2.62470714e-02 2.83446643e-02 2.89889858e-02 2.82559704e-02 2.85752026e-02 2.77759516e-02 2.82512729e-02 2.93726187e-02 3.20337081e-02 3.13058626e-02 3.06779641e-02 2.61164630e-02 2.05137058e-02 1.48550549e-02 1.80167540e-02 2.20973398e-02 2.51179014e-02 2.63169373e-02 2.72821478e-02 2.68786477e-02 2.68771403e-02 2.81881186e-02 2.84521070e-02 3.03708547e-02 3.04801541e-02 3.08406866e-02 3.01556695e-02 2.81167410e-02 2.39229299e-02 1.88614018e-02 2.03032742e-02 2.75053559e-02 2.93984978e-02 3.40553612e-02 3.20822701e-02 3.34382048e-02 3.07204386e-02 3.17270548e-02 2.95424847e-02 3.06198458e-02 3.11468266e-02 3.18213529e-02 3.15852272e-02 2.86318924e-02 2.34777011e-02 1.66945452e-02 1.70388695e-02 2.12206149e-02 2.40646140e-02 2.53679683e-02 2.74950600e-02 2.80708746e-02 2.76061638e-02 2.72042856e-02 2.84101589e-02 2.84964121e-02
 3.96150590e-02 3.20960714e-02 2.85778099e-02 2.88134491e-02 2.93672435e-02 3.05093831e-02 3.35289685e-02 3.39741199e-02 3.46845646e-02 3.04887700e-02 2.49254777e-02 1.77635815e-02 0.00000000e+00 1.78962372e-02 2.11811648e-02 2.59174747e-02 2.48259024e-02 2.75841240e-02 2.83533214e-02 2.90895670e-02 3.23805988e-02 3.25597886e-02 3.35750350e-02 3.21672618e-02 2.75901673e-02 2.32534621e-02 1.79253577e-02 1.73636373e-02 2.06805634e-02 2.41082510e-02 2.74414522e-02 2.72365515e-02 2.79053347e-02 2.67777618e-02 3.05027731e-02 3.36966913e-02 3.42198373e-02 3.38982206e-02 2.94228663e-02 2.39981266e-02 1.92766608e-02 1.51587928e-02 1.94879263e-02 2.15063051e-02 2.54171918e-02 2.66542274e-02 2.75504397e-02 2.71360351e-02 2.91397274e-02 3.15544859e-02 3.28065886e-02 3.41523121e-02 3.37604381e-02 2.81433117e-02 2.50894075e-02 1.97571701e-02 1.68684004e-02 1.91542733e-02 2.31705239e-02 2.63798755e-02 2.66990915e-02 2.82000441e-02 2.82717549e-02 2.87059637e-02 3.13623831e-02 3.29595098e-02 3.48347764e-02 3.41061787e-02 2.95347596e-02 2.43087352e-02 1.74698409e-02 1.53601207e-02 1.83756910e-02 2.25572665e-02 2.60657909e-02 2.55786987e-02 2.79607846e-02 2.95185777e-02 2.88251805e-02 3.15989655e-02 3.29582665e-02 3.48043631e-02 3.29390021e-02 2.98629658e-02 2.59947484e-02 2.15649282e-02 1.82242270e-02 1.86522279e-02 2.19407496e-02 2.63169373e-02 2.73140148e-02 2.79547381e-02 2.83624355e-02 2.86537276e-02 3.00752285e-02 3.23197355e-02 3.39935785e-02 3.51152023e-02 3.30321948e-02 2.82376704e-02 2.22169299e-02 1.77983361e-02 1.66945452e-02 2.14633663e-02 2.51240930e-02 2.57119665e-02 2.69231724e-02 2.78464969e-02 2.86397472e-02 2.83507098e-02 3.12807725e-02 3.32587070e-02 3.50116210e-02 3.34215999e-02 3.14621707e-02 2.66156924e-02 2.24841688e-02 1.83060440e-02 1.82377653e-02 2.16668092e-02 2.53624421e-02 2.71572039e-02 2.80933116e-02 2.82783429e-02 2.81720062e-02 2.82427494e-02 3.12189286e-02 3.44887919e-02 3.44378764e-02 3.41394239e-02 3.10024348e-02 2.59599167e-02 2.11322994e-02 1.65540903e-02 1.71431191e-02 2.11382706e-02 2.44677189e-02 2.68130942e-02 2.72864660e-02 2.80149611e-02 2.86743769e-02 2.90566342e-02 3.18615285e-02 3.34327033e-02 3.44782447e-02 3.46728682e-02 3.18573919e-02 2.85248167e-02 2.33072716e-02 2.18261544e-02 2.36456616e-02 2.68228879e-02 3.10029005e-02 3.14844244e-02 3.25116963e-02 3.08660892e-02 3.17283024e-02 3.01043556e-02 3.21524773e-02 3.39491087e-02 3.46003189e-02 3.46429177e-02 3.22472932e-02 2.79886513e-02 2.28535143e-02 1.76275503e-02 1.70677612e-02 1.95897692e-02 2.28844056e-02 2.55437372e-02 2.75507270e-02 2.70084843e-02 2.82422053e-02 2.81038689e-02 2.95157221e-02
 3.84391379e-02 3.17569398e-02 2.92523057e-02 2.87675765e-02 3.10186984e-02 3.24260851e-02 3.51478641e-02 3.64147464e-02 3.75848176e-02 3.30318001e-02 2.85696121e-02 2.21511196e-02 1.78962372e-02 0.00000000e+00 1.79390696e-02 2.36300190e-02 2.43373967e-02 2.71495549e-02 2.95697113e-02 3.08333019e-02 3.38449995e-02 3.38627171e-02 3.49873781e-02 3.32486800e-02 3.02861266e-02 2.60840970e-02 2.12277679e-02 1.85092433e-02 1.59700768e-02 2.12810317e-02 2.56363109e-02 2.72914832e-02 2.74669298e-02 2.86488353e-02 3.12712580e-02 3.48710531e-02 3.59115854e-02 3.67225561e-02 3.23139715e-02 2.74244257e-02 2.28100289e-02 1.77561871e-02 1.44686705e-02 1.88318740e-02 2.39171867e-02 2.51821720e-02 2.65516119e-02 2.80354829e-02 3.05773535e-02 3.24389792e-02 3.42768921e-02 3.58303288e-02 3.53477993e-02 3.11317967e-02 2.95066801e-02 2.31645137e-02 1.98226823e-02 1.69531625e-02 2.00843329e-02 2.36410132e-02 2.68697235e-02 2.72494061e-02 2.92349958e-02 2.98430765e-02 3.34507228e-02 3.50571739e-02 3.71767935e-02 3.66381538e-02 3.23174444e-02 2.72290274e-02 2.20200933e-02 1.76959992e-02 1.33663407e-02 1.86390157e-02 2.41542965e-02 2.50316900e-02 2.66731773e-02 2.95004927e-02 2.96469374e-02 3.27968494e-02 3.41111211e-02 3.61239515e-02 3.39850564e-02 3.22610960e-02 2.87917836e-02 2.47450165e-02 2.07877875e-02 1.84353017e-02 1.92109593e-02 2.34460423e-02 2.66428161e-02 2.73761917e-02 2.80366124e-02 2.93400988e-02 3.09162744e-02 3.31139048e-02 3.59062553e-02 3.75085766e-02 3.51924335e-02 3.07904840e-02 2.61295122e-02 2.13547587e-02 1.68050887e-02 1.59752956e-02 2.21874391e-02 2.36386099e-02 2.51344708e-02 2.73805291e-02 2.92969902e-02 2.98631529e-02 3.33553766e-02 3.50841029e-02 3.67045315e-02 3.49602814e-02 3.36188221e-02 2.94715746e-02 2.60566598e-02 2.19626215e-02 1.80429186e-02 1.83922070e-02 2.27326229e-02 2.62540611e-02 2.73821618e-02 2.79973187e-02 2.92556487e-02 3.00018369e-02 3.22082060e-02 3.60722198e-02 3.65208641e-02 3.63805979e-02 3.27975451e-02 2.89433753e-02 2.38673866e-02 2.01386092e-02 1.43915079e-02 1.62553683e-02 2.15771042e-02 2.53188331e-02 2.59204572e-02 2.74006593e-02 2.95364624e-02 3.02742999e-02 3.31296940e-02 3.44225383e-02 3.54110988e-02 3.51994461e-02 3.42220555e-02 3.09983488e-02 2.75576226e-02 2.38389023e-02 2.40917104e-02 2.52584688e-02 2.97144044e-02 2.94382308e-02 3.26450064e-02 3.09325230e-02 3.11833763e-02 3.08304472e-02 3.37795787e-02 3.46551483e-02 3.61476511e-02 3.72006360e-02 3.47768425e-02 3.12551855e-02 2.63679745e-02 2.21974696e-02 1.79586065e-02 1.52384575e-02 1.98278735e-02 2.44792121e-02 2.56949176e-02 2.65587493e-02 2.79427579e-02 3.03915784e-02 3.06574340e-02
 3.83294376e-02 2.91433709e-02 2.72608369e-02 2.88334187e-02 3.09954192e-02 3.31443377e-02 3.59534984e-02 3.76355095e-02 3.93639916e-02 3.51401521e-02 3.08213829e-02 2.51192548e-02 2.11811648e-02 1.79390696e-02 0.00000000e+00 1.84672794e-02 2.29815927e-02 2.62855800e-02 2.90226051e-02 3.11202016e-02 3.43004559e-02 3.53451906e-02 3.65802371e-02 3.56069012e-02 3.22071505e-02 2.81019301e-02 2.39225795e-02 2.16534578e-02 1.88576732e-02 1.74921650e-02 2.25881506e-02 2.62789886e-02 2.75028500e-02 2.83288711e-02 3.25048202e-02 3.59011838e-02 3.73356764e-02 3.78475785e-02 3.43037685e-02 2.87632216e-02 2.54398641e-02 2.08539699e-02 1.86009251e-02 1.41349797e-02 1.89579399e-02 2.37386731e-02 2.55307534e-02 2.75960405e-02 3.12166313e-02 3.39267285e-02 3.50827224e-02 3.75276793e-02 3.72385972e-02 3.31555059e-02 3.04802764e-02 2.54463434e-02 2.31641518e-02 2.01213280e-02 1.64602593e-02 1.90818796e-02 2.40058487e-02 2.72498163e-02 2.83067854e-02 3.03140832e-02 3.43578919e-02 3.56496688e-02 3.84119665e-02 3.81550456e-02 3.37663276e-02 2.92830943e-02 2.39016828e-02 2.14582236e-02 1.88877771e-02 1.35124643e-02 1.83675542e-02 2.27204103e-02 2.60470785e-02 2.86421699e-02 3.09212899e-02 3.31697311e-02 3.53393798e-02 3.74607090e-02 3.57075299e-02 3.40244154e-02 3.04767010e-02 2.67542215e-02 2.32466921e-02 2.17895319e-02 1.90887849e-02 1.92646021e-02 2.21941965e-02 2.69588324e-02 2.82261238e-02 2.96857261e-02 3.12198982e-02 3.46046121e-02 3.70036770e-02 3.87695354e-02 3.71292255e-02 3.32301166e-02 2.83062096e-02 2.39548333e-02 2.18633971e-02 1.71737336e-02 1.59884371e-02 2.01511617e-02 2.41320181e-02 2.57252390e-02 2.85180897e-02 3.07252890e-02 3.41216862e-02 3.59145678e-02 3.77432785e-02 3.68057273e-02 3.58756729e-02 3.10758909e-02 2.80497146e-02 2.46972063e-02 2.22191517e-02 1.88014330e-02 1.86517286e-02 2.14033119e-02 2.59941752e-02 2.74970416e-02 2.90800562e-02 3.06395348e-02 3.31558009e-02 3.68864260e-02 3.78958177e-02 3.81679077e-02 3.46479449e-02 3.06051050e-02 2.64375209e-02 2.35313343e-02 2.03709851e-02 1.69478326e-02 1.55373385e-02 2.12252888e-02 2.41719889e-02 2.66246317e-02 2.89938690e-02 3.11716958e-02 3.38055005e-02 3.59504544e-02 3.69206868e-02 3.74623374e-02 3.57155888e-02 3.31551407e-02 2.90174700e-02 2.63162472e-02 2.60802583e-02 2.82051629e-02 2.72889747e-02 2.74089858e-02 3.07499843e-02 3.03954855e-02 3.21334254e-02 3.16270280e-02 3.43040129e-02 3.60232579e-02 3.75312902e-02 3.82034573e-02 3.61055894e-02 3.27694334e-02 2.77556574e-02 2.37308052e-02 2.26519512e-02 1.84084806e-02 1.56844356e-02 1.85075323e-02 2.37651221e-02 2.51896605e-02 2.69617516e-02 2.97839545e-02 3.20533422e-02
